0.174087 0.225858 0.207269 7.000000 0 
0.664549 0.579397 0.696119 10.000000 0 
0.705589 1.162118 0.560437 12.000000 1 
0.252205 0.249598 0.363930 12.000000 0 
0.308469 0.407620 0.368757 12.000000 0 
0.636860 0.731414 0.327450 12.000000 1 
0.573698 1.068161 0.603491 11.000000 1 
0.338880 0.631523 0.319613 10.000000 0 
0.818103 1.056195 0.485805 11.000000 2 
0.600108 0.570853 0.535555 12.000000 1 
0.624891 1.180208 0.470579 12.000000 2 
1.335945 1.865476 1.073117 14.000000 3 
1.260581 1.771659 1.034996 14.000000 3 
1.038768 1.562307 0.956526 14.000000 3 
0.734393 1.774873 0.749442 14.000000 2 
0.341648 0.536205 0.336389 14.000000 0 
0.814972 0.801453 0.684629 14.000000 2 
0.469905 0.691855 0.507590 14.000000 1 
0.438390 0.878358 0.463668 13.000000 2 
0.209014 0.314934 0.290128 12.000000 0 
0.235722 0.334429 0.300552 12.000000 0 
0.236790 0.346763 0.277712 12.000000 0 
0.207489 0.248736 0.215159 12.000000 0 
0.158678 0.221631 0.203170 14.000000 0 
0.100027 0.163287 0.180039 14.000000 0 
0.253398 0.471587 0.291206 16.000000 0 
0.131706 0.174406 0.481815 17.000000 0 
0.175961 0.210560 0.205812 16.000000 0 
0.145061 0.179110 0.206047 16.000000 0 
0.154258 0.218329 0.331115 14.000000 0 
0.171240 0.237878 0.366615 14.000000 0 
0.151171 0.164500 0.281371 14.000000 0 
0.221255 0.160031 0.194103 12.000000 0 
0.104836 0.157507 0.219226 12.000000 0 
0.145439 0.188434 0.212739 9.000000 0 
0.137417 0.136837 0.144731 9.000000 0 
0.143713 0.171447 0.175533 9.000000 0 
0.108320 0.118788 0.140447 9.000000 0 
0.105868 0.104734 0.141214 0.000000 0 
0.115017 0.109422 0.186764 0.000000 0 
0.097835 0.106953 0.151095 3.000000 0 
0.088676 0.114215 0.156205 3.000000 0 
0.172689 0.146833 0.247484 3.000000 0 
0.365602 0.274819 0.316649 3.000000 0 
0.349952 0.295381 0.289816 3.000000 0 
0.579922 0.555835 0.542731 3.000000 1 
0.311443 0.638060 0.310010 4.000000 1 
0.374068 0.361621 0.269111 8.000000 0 
0.359703 0.301969 0.253443 8.000000 0 
0.715078 1.161912 0.554145 0.000000 2 
1.159166 1.482576 0.808061 3.000000 3 
0.579549 0.836171 0.607656 3.000000 3 
0.573698 1.068161 0.603491 11.000000 2 
0.818103 1.056195 0.485805 11.000000 2 
1.335945 1.865476 1.073117 14.000000 3 
1.268376 1.793266 1.057808 14.000000 3 
1.185844 1.739026 1.023021 14.000000 3 
0.734393 1.774873 0.749442 14.000000 3 
0.057428 0.028322 0.089077 10.000000 0 
0.329976 0.554682 0.276362 10.000000 0 
0.573588 0.661296 0.360984 10.000000 0 
0.375943 0.674552 0.365191 10.000000 0 
0.313785 0.423600 0.380730 10.000000 0 
1.956338 1.215250 1.653906 10.000000 3 
1.972302 1.223447 1.667669 10.000000 3 
1.964144 1.220337 1.660974 10.000000 3 
1.938923 1.205410 1.639395 11.000000 3 
0.596744 0.819718 0.335487 11.000000 2 
0.462719 0.745351 0.426403 11.000000 1 
0.236046 0.376097 0.233681 11.000000 0 
0.417450 0.514177 0.358668 11.000000 0 
0.415168 1.226002 0.433201 10.000000 2 
0.502672 0.621751 0.289812 10.000000 1 
0.347659 0.602366 0.279130 9.000000 0 
0.609463 0.658489 0.595186 9.000000 1 
0.547333 0.504083 0.557535 8.000000 0 
1.031480 1.377967 1.025158 8.000000 3 
0.483569 0.511955 0.259743 8.000000 0 
0.777309 1.609592 0.750689 6.000000 2 
1.227714 1.373268 0.676221 6.000000 3 
1.088253 1.520602 0.594777 6.000000 3 
1.595499 1.068616 0.761857 7.000000 3 
1.649928 1.237518 0.957678 7.000000 3 
1.524166 1.333752 1.010346 7.000000 3 
1.199901 1.645016 1.027204 7.000000 3 
1.105190 1.241134 0.694140 8.000000 3 
1.705172 1.717394 1.236824 10.000000 3 
2.209437 2.391068 1.506746 10.000000 3 
2.121575 2.129185 1.164382 10.000000 3 
1.430109 1.660917 0.890868 10.000000 3 
0.435514 1.018216 0.406549 10.000000 2 
0.439355 0.769564 0.295048 11.000000 0 
1.554189 0.875088 1.165946 12.000000 3 
0.528124 1.375102 0.521005 12.000000 2 
0.975949 1.764072 0.645329 14.000000 3 
0.698944 1.203021 0.479953 16.000000 2 
1.303205 1.080800 1.269113 17.000000 3 
0.740846 1.008624 0.662144 17.000000 2 
0.736953 1.002171 0.658085 17.000000 2 
0.743115 1.552784 0.472534 17.000000 2 
0.521145 0.493567 0.388467 16.000000 0 
1.103405 1.432398 0.709740 15.000000 3 
0.942046 1.897100 0.536096 15.000000 3 
0.976408 2.336124 0.562481 15.000000 3 
0.384755 1.288450 0.391783 14.000000 3 
0.399187 0.942523 0.368093 14.000000 1 
1.037950 1.837393 0.662526 14.000000 3 
0.956886 1.029872 0.595981 12.000000 3 
0.901965 0.767364 0.684769 12.000000 2 
0.892765 0.918110 0.433957 11.000000 2 
0.510258 1.539066 0.629141 11.000000 2 
0.544095 1.556841 0.594481 11.000000 2 
1.195412 1.431176 0.487475 11.000000 3 
0.252967 0.778408 0.319613 10.000000 1 
0.143044 0.257819 0.279608 10.000000 0 
0.136539 0.214500 0.288735 10.000000 0 
0.156912 0.290764 0.211786 10.000000 0 
0.197617 0.294380 0.338983 10.000000 0 
0.602919 0.282449 0.434510 10.000000 0 
0.132017 0.119544 0.176318 10.000000 0 
0.135838 0.110597 0.198365 10.000000 0 
0.213830 0.413986 0.221412 10.000000 0 
0.253650 0.133691 0.263961 10.000000 0 
1.012229 0.539857 0.822580 10.000000 2 
0.541022 0.801510 0.392359 11.000000 1 
0.079621 0.120053 0.094151 11.000000 0 
0.556499 0.157529 0.203598 9.373559 0 
0.466056 0.141659 0.354518 13.825687 0 
0.462315 0.163225 0.241019 18.186986 0 
0.386624 0.116225 0.291801 26.352222 0 
0.456372 0.184089 0.330498 27.180025 0 
0.385913 0.146544 0.342019 29.196088 0 
0.382613 0.225044 0.335748 27.401322 0 
0.361563 0.227545 0.265594 21.485004 0 
0.275468 0.130123 0.231022 20.100898 0 
0.657508 0.320970 0.256566 9.216000 0 
0.478944 0.237558 0.232820 6.771446 0 
0.495129 0.171855 0.263006 6.376778 0 
0.362273 0.163359 0.473853 5.371726 0 
0.544711 0.223596 0.293996 7.333581 0 
0.326095 0.188521 0.351888 8.439063 0 
0.284060 0.133291 0.256549 10.520996 0 
0.323733 0.156473 0.238394 11.952217 0 
0.354666 0.136262 0.201109 12.600823 0 
0.340170 0.137282 0.153340 12.081473 0 
0.322688 0.137828 0.143958 12.348840 0 
0.351766 0.121366 0.140518 11.700887 0 
0.401625 0.182042 0.151353 11.592504 0 
0.433310 0.366985 0.286106 11.558748 0 
0.547761 0.202707 0.242667 11.628056 0 
0.459652 0.262755 0.257662 11.702713 0 
0.457474 0.271001 0.253647 11.702713 0 
0.371734 0.234346 0.295207 10.301349 0 
0.283838 0.075295 0.248865 8.568681 0 
0.340974 0.144571 0.277715 7.958036 0 
0.689113 0.233787 0.295787 9.324278 0 
0.719074 0.144566 0.248156 12.502163 0 
0.586820 0.345869 0.351992 15.518673 0 
0.331550 0.252908 0.319486 34.563170 0 
0.395609 0.146252 0.197981 40.288647 0 
0.354316 0.173665 0.279947 39.672067 0 
