17.4846835 78.3209558
17.4846226 78.3209384
17.4843208 78.3206649
17.484286 78.3206437
17.4839192 78.3204204
17.4837938 78.3203914
17.4837556 78.320394
17.4833999 78.3204182
17.4828934 78.3204289
17.4825915 78.3204075
17.479482 78.3198987
17.4786061 78.3198443
17.4781815 78.3199623
17.4779103 78.32015
17.4778234 78.3203699
17.4777568 78.3210296
17.4777773 78.3213621
17.4778694 78.3215819
17.4782787 78.3220754
17.4784475 78.3224776
17.4784015 78.3230568
17.478069 78.3236254
17.4777108 78.3239847
17.4771583 78.3243655
17.475092 78.3256784
17.4738952 78.3265075
17.473254 78.3270273
17.4727624 78.3277175
17.4714671 78.3296669
17.4710824 78.3299313
17.4703386 78.3301778
17.4692699 78.330478
17.4683252 78.3311278
17.4669829 78.3321541
17.4657774 78.33327
17.4651576 78.3338077
17.4641402 78.3344396
17.463469 78.3348116
17.462225 78.3353314
17.4618061 78.335681
17.4607331 78.3369716
17.4601303 78.337375
17.4586341 78.3385357
17.4569967 78.3396067
17.4564581 78.3401579
17.4558724 78.3407943
17.4545975 78.3421045
999.999 999.999
17.4530167 78.3796429
17.4540189 78.378879
17.4542853 78.3786477
17.4550404 78.3780234
17.4556377 78.3775884
999.999 999.999
17.4291728 78.3744563
17.4292345 78.3747324
17.429325 78.3748399
17.4294838 78.3749531
17.4298355 78.3751195
17.4309759 78.3750463
17.4323247 78.374814
17.434666 78.3744636
17.4360365 78.3743297
17.4365852 78.3743727
17.4369147 78.3745058
17.4370559 78.3746149
17.4371793 78.3747103
17.4376252 78.3751951
17.4380636 78.3757047
17.4383021 78.3759773
17.43851 78.376215
17.438969 78.376777
17.4392092 78.3769958
17.439411 78.3770906
17.4395165 78.3771235
17.4396562 78.3771258
17.4397734 78.3771849
17.4398091 78.377267
17.4397655 78.3773727
999.999 999.999
17.4668593 78.385793
17.4666071 78.3859331
17.4664214 78.3860152
17.4662291 78.3860324
17.4654039 78.3858253
17.4648506 78.3857017
17.4643147 78.3856212
17.4633305 78.3855095
17.4630665 78.3854832
17.4628659 78.3854096
17.4615078 78.3852396
17.457807 78.38451
17.4565296 78.3841705
17.4557012 78.3838929
17.4555773 78.3838752
17.4551866 78.3838104
17.4543818 78.383526
17.4538214 78.3832815
17.4535217 78.3831007
17.4532409 78.3829063
17.4529311 78.3826371
17.4527244 78.3824165
17.4521219 78.3818577
17.4516964 78.3814855
17.4512647 78.381059
999.999 999.999
17.4512619 78.3810555
17.4511685 78.3808824
17.4505489 78.3797969
17.4503957 78.3796493
17.4502595 78.3795303
17.4496699 78.3794358
999.999 999.999
17.4397005 78.377408
17.4394399 78.3777953
17.4380155 78.379462
17.4366277 78.3810859
17.4335651 78.3851371
17.4331804 78.3856824
999.999 999.999
17.4513968 78.3966146
17.451633 78.3941291
17.4518947 78.3915845
17.4519987 78.3909298
17.4521356 78.3894843
17.4522086 78.388275
17.4522368 78.3878086
17.4523112 78.3875454
17.4525417 78.3859553
17.4526171 78.3848249
17.4526667 78.3840816
17.4527244 78.3824165
999.999 999.999
17.4529194 78.379726
17.4529659 78.380219
17.4527244 78.3824165
999.999 999.999
17.4315752 78.3882699
17.4315179 78.3880639
17.4315506 78.3878837
17.4326607 78.3862594
17.4330839 78.3856402
17.4330889 78.3856331
17.4334524 78.3851167
17.4343741 78.383888
17.4365559 78.3809796
17.4379302 78.3793888
17.43911 78.378023
17.4392709 78.3776417
999.999 999.999
17.439873 78.3771325
17.4405028 78.377143
17.4413249 78.3771393
17.4434559 78.3771296
17.4443023 78.3771258
17.4452521 78.3772202
17.4458417 78.3773147
17.4463985 78.3774777
17.4470028 78.3777447
17.4475939 78.37813
17.4484783 78.3788339
17.4489859 78.3790742
17.4496737 78.3793242
17.4502593 78.379446
17.4504843 78.3794947
17.4507266 78.3796946
17.4516511 78.3811157
999.999 999.999
17.4392709 78.3776417
17.4393558 78.3773372
17.4393981 78.377212
17.4395165 78.3771235
999.999 999.999
17.4481523 78.3619244
17.4493591 78.3623043
17.4498638 78.3624633
17.4509045 78.3627912
17.4508918 78.3634023
17.4511072 78.3636326
999.999 999.999
17.4502332 78.3554173
17.450104 78.3557278
17.4499163 78.3561794
999.999 999.999
17.4505967 78.3557439
17.4504654 78.3560426
17.4502851 78.3564516
999.999 999.999
17.4504654 78.3560426
17.4508824 78.356898
17.4509031 78.3570396
17.450872 78.3583244
17.4508705 78.3584658
17.4508616 78.3589395
999.999 999.999
17.4508705 78.3584658
17.4505476 78.358354
17.4501948 78.3582319
17.44988 78.3581229
17.4498696 78.3584876
999.999 999.999
17.4501948 78.3582319
17.4501864 78.3586727
999.999 999.999
17.4505476 78.358354
17.4505239 78.3588088
999.999 999.999
17.450872 78.3583244
17.4505284 78.3582011
17.4501798 78.3580759
17.4497436 78.3579195
17.4491827 78.3577183
17.4486803 78.3575979
999.999 999.999
17.4509031 78.3570396
17.4505447 78.3570351
17.4497657 78.3570257
17.4491942 78.3570187
17.4486899 78.3570125
999.999 999.999
17.4505379 78.3575131
17.4501913 78.3575032
17.4497602 78.3574909
17.4491996 78.3574751
999.999 999.999
17.4497657 78.3570257
17.4497602 78.3574909
17.4497436 78.3579195
999.999 999.999
17.4491827 78.3577183
17.4491996 78.3574751
17.4491942 78.3570187
17.4491921 78.3565441
17.4491893 78.3558746
999.999 999.999
17.4486853 78.3556395
17.4491893 78.3558746
17.4499163 78.3561794
17.4502851 78.3564516
17.4503369 78.3565682
17.4505447 78.3570351
17.4505379 78.3575131
17.4505284 78.3582011
999.999 999.999
17.4503369 78.3565682
17.4491921 78.3565441
999.999 999.999
17.4501913 78.3575032
17.4501798 78.3580759
999.999 999.999
17.450104 78.3557278
17.4487274 78.3550626
999.999 999.999
17.448605 78.3576587
17.4482084 78.3576593
17.4482084 78.3586075
17.4482084 78.359043
17.4482084 78.3594344
17.4482084 78.3598147
17.4482084 78.3601345
17.4482084 78.3602117
999.999 999.999
17.4486443 78.3590328
17.4482084 78.359043
17.4475089 78.3590534
17.4471041 78.3590595
17.4469411 78.3590541
17.4467465 78.3592139
999.999 999.999
17.4482084 78.3586075
17.4475827 78.3586174
17.4471937 78.3586236
17.4471041 78.3586251
17.4464418 78.3586357
17.4463679 78.3586368
17.4461211 78.3586408
17.4452951 78.3586539
17.4447533 78.3586626
17.4445843 78.3586826
17.4444155 78.3587583
17.4442619 78.3588647
999.999 999.999
17.4463994 78.3577752
17.4464418 78.3586357
999.999 999.999
17.4461154 78.357753
17.4461211 78.3586408
999.999 999.999
17.4458104 78.3577035
17.4457999 78.3582988
17.4452951 78.3583264
999.999 999.999
17.4452951 78.3586539
17.4452793 78.3576263
17.4454507 78.3576512
17.4458104 78.3577035
17.4461154 78.357753
17.4463994 78.3577752
999.999 999.999
17.4463994 78.3577752
17.4464047 78.3574719
17.4455002 78.3573396
999.999 999.999
17.4454507 78.3576512
17.4455002 78.3573396
17.4455422 78.3570309
17.4460576 78.3571026
999.999 999.999
17.4447533 78.3586626
17.4447533 78.3591312
999.999 999.999
17.4485741 78.360204
17.4482084 78.3601345
999.999 999.999
17.4482084 78.3602117
17.4470991 78.3602367
17.4467465 78.3602447
999.999 999.999
17.4467465 78.3592139
17.4467465 78.359721
17.4467465 78.3602447
999.999 999.999
17.4471041 78.3586251
17.4471041 78.3590595
17.4471008 78.3598312
17.4470991 78.3602367
999.999 999.999
17.4482084 78.3598147
17.4475143 78.359825
17.4471008 78.3598312
999.999 999.999
17.4475143 78.359825
17.4475115 78.3594235
17.4475089 78.3590534
999.999 999.999
17.4475115 78.3594235
17.4482084 78.3594344
999.999 999.999
17.4475827 78.3579791
17.4475827 78.3586174
999.999 999.999
17.447183 78.3579736
17.4471937 78.3586236
999.999 999.999
17.4467465 78.359721
17.445867 78.3594608
17.4447533 78.3591312
999.999 999.999
17.4467465 78.3592139
17.4461312 78.3590595
999.999 999.999
17.4463679 78.3586368
17.4461312 78.3590595
17.445867 78.3594608
999.999 999.999
17.4492294 78.3614067
17.4488032 78.3612775
17.4483847 78.3611524
999.999 999.999
17.4492294 78.3614067
17.4491134 78.3617106
999.999 999.999
17.449008 78.3605722
17.4488032 78.3612775
17.4487285 78.3615228
999.999 999.999
17.4511365 78.3815464
17.4506941 78.3819503
17.4502621 78.382247
17.4497694 78.382566
17.449033 78.3831639
17.4482834 78.3837921
17.4481909 78.3838615
17.4474424 78.3843408
17.4468856 78.3846412
17.4461977 78.3852361
17.4460422 78.3853708
17.4454064 78.3859014
17.4453625 78.3859382
17.445117 78.3861433
17.4448051 78.3864246
17.4444701 78.3867269
17.4440657 78.3870647
17.4439297 78.3871818
17.4435366 78.3873878
17.4432083 78.3875178
17.4420627 78.3879715
17.4415468 78.3882976
17.4415432 78.3883064
17.4414076 78.3886409
17.4413912 78.3891108
999.999 999.999
17.4443774 78.3842083
17.4433412 78.3839016
17.4424363 78.3835413
17.44278 78.3826474
999.999 999.999
17.4416185 78.3844688
17.4416965 78.3837927
17.4417197 78.3834908
17.441767 78.3828754
17.4418053 78.3823782
999.999 999.999
17.4398949 78.3843671
17.4399436 78.3839002
17.4400068 78.3832939
17.440091 78.3824877
999.999 999.999
17.4417197 78.3834908
17.4411298 78.383423
17.4400068 78.3832939
999.999 999.999
17.441767 78.3828754
17.4404739 78.382734
999.999 999.999
17.4389192 78.3854325
17.4392676 78.3842374
17.4394427 78.3826618
999.999 999.999
17.4513228 78.381262
17.4519795 78.3806101
17.4529194 78.379726
17.4530167 78.3796429
999.999 999.999
17.4182604 78.3356551
17.4200257 78.3367558
17.4217455 78.337877
17.4257531 78.3403983
17.4303492 78.3433219
17.4337213 78.3453944
17.4348432 78.3460839
17.4351183 78.346253
17.4359985 78.346768
17.4380252 78.3478302
17.4402355 78.3488301
17.4404204 78.3489138
17.4415054 78.3494824
17.4417394 78.3496401
17.4419352 78.3497721
17.4425084 78.350169
17.4435832 78.3508557
17.4439347 78.3510903
17.4440926 78.3512264
17.4441891 78.3513488
17.4444736 78.3518642
17.4448813 78.3525922
17.4449621 78.3526788
17.4450016 78.3527211
17.4450984 78.3528025
999.999 999.999
17.469213 78.3766815
17.4687118 78.3765251
17.4686261 78.3764983
17.468499 78.3763557
17.4679977 78.3757931
17.4678696 78.3757135
17.4674338 78.3756079
17.4665453 78.3756112
17.4659387 78.3755973
17.4647251 78.3755696
17.4644631 78.3756125
17.4642339 78.3757584
17.4637426 78.3760588
17.463366 78.3762648
17.4630058 78.3764193
17.4626537 78.3765052
17.460484 78.3767626
17.4601483 78.3768313
17.4598126 78.3769343
17.4593132 78.3771575
17.4590184 78.3773034
17.4587237 78.3773291
17.4562972 78.3770871
999.999 999.999
17.4450114 78.3529046
17.4449171 78.3528174
17.4448858 78.3527713
17.4448405 78.3527045
17.4445146 78.3521431
17.4441561 78.3514952
17.4440389 78.3513245
17.4438548 78.3511686
17.4436792 78.3510591
17.4422628 78.3501154
17.4414235 78.3495682
17.440359 78.3490318
17.4380764 78.3480018
17.4368072 78.3473259
17.4356198 78.3466822
17.4318427 78.3444398
17.4258565 78.3406449
17.4257889 78.3406021
17.4238031 78.3393415
17.4217047 78.33794
17.4199601 78.3368188
17.418245 78.3357115
999.999 999.999
17.447541 78.3782771
17.4474285 78.378511
17.447208 78.37894
17.4471443 78.3790638
17.4470274 78.3795539
17.4469579 78.3798369
17.4469229 78.3799795
17.4467568 78.3806759
17.446646 78.381037
17.446849 78.3810886
17.4468962 78.3811113
17.446798 78.3815048
17.4467876 78.3815473
17.4466701 78.3820273
17.4465622 78.3824681
17.446391 78.3831675
17.4464559 78.383406
17.4454574 78.3842876
999.999 999.999
17.4469171 78.3495231
17.4466046 78.3492432
17.4461145 78.3488085
17.4460721 78.3487709
17.4455879 78.3483416
999.999 999.999
17.4448184 78.3503404
17.4458749 78.3490916
17.4461145 78.3488085
999.999 999.999
17.4443594 78.3498785
17.4455879 78.3483416
17.4458583 78.3480033
17.4458898 78.3479639
17.4461429 78.3476472
17.4463321 78.3474104
17.446415 78.3473067
999.999 999.999
17.4434559 78.3771296
17.4434694 78.3770148
17.4438684 78.3748395
17.4439145 78.3747591
17.4439964 78.3746786
17.444068 78.3746652
17.4453778 78.3749333
17.4455448 78.3749515
17.4460155 78.3746615
17.4461995 78.37459
17.4465471 78.3746084
17.4466582 78.3746148
17.4469453 78.3745938
17.4470988 78.3745763
17.4474042 78.3745448
17.4477444 78.3744571
17.4480427 78.3743635
17.4481315 78.3743262
17.4486202 78.3740828
17.4490135 78.3738072
17.4503652 78.3724663
999.999 999.999
17.4554701 78.3723396
17.4571829 78.3736573
17.4573364 78.3737174
17.4574874 78.3737312
999.999 999.999
17.4581168 78.3706619
17.456463 78.3698674
17.4563248 78.369801
17.4554961 78.372359
999.999 999.999
17.4565604 78.3682669
17.4569337 78.368386
17.4575196 78.3684933
17.457512 78.3690834
17.4567955 78.3688956
17.4567535 78.3688803
17.4563813 78.3687506
999.999 999.999
17.4583252 78.3692471
17.4581937 78.3692257
17.457512 78.3690834
999.999 999.999
17.4503652 78.3724663
17.4503853 78.372446
17.4517448 78.3710747
17.4517567 78.3709618
17.451661 78.3707925
17.4515938 78.3706884
17.4515611 78.3705883
17.4515927 78.3704851
17.4520038 78.370049
17.4521052 78.3699507
17.4521725 78.3699239
17.4522339 78.3699294
17.4551621 78.3721102
17.4554701 78.3723396
999.999 999.999
17.4480427 78.3743635
17.4470028 78.3777447
999.999 999.999
17.4466582 78.3746148
17.4458417 78.3773147
999.999 999.999
17.4335485 78.3610586
17.4319163 78.3637738
999.999 999.999
17.4459002 78.3689331
17.4463096 78.3693703
17.4468214 78.3699094
17.4468547 78.3699845
17.446847 78.3700811
17.4467312 78.370367
17.4464731 78.3710156
17.4464971 78.3711541
17.4465967 78.3712925
17.4474197 78.3719691
17.4469836 78.3732073
17.4468844 78.3737369
17.4469453 78.3745938
999.999 999.999
17.454423 78.3693377
17.4540205 78.3692738
17.4531306 78.3691324
999.999 999.999
17.4551426 78.3667305
17.4556518 78.3654065
17.456115 78.3643674
999.999 999.999
17.4552423 78.3680078
17.4540761 78.3675085
17.4542403 78.3670734
999.999 999.999
17.4554163 78.3675599
17.4542403 78.3670734
17.4535695 78.3667935
999.999 999.999
17.4539528 78.369711
17.4540205 78.3692738
999.999 999.999
17.4555673 78.3671361
17.4544159 78.3666372
17.4542403 78.3670734
999.999 999.999
17.4541882 78.3698934
17.454423 78.3693377
17.4546389 78.3688724
999.999 999.999
17.4466204 78.3480512
17.4461429 78.3476472
999.999 999.999
17.4458898 78.3479639
17.4463787 78.3483667
999.999 999.999
17.464071 78.3669041
17.4634852 78.3668226
17.4624259 78.3666739
999.999 999.999
17.4644415 78.3660964
17.4635962 78.3659768
17.4625182 78.3658614
17.4616634 78.3657699
17.4610238 78.3656984
999.999 999.999
17.4623965 78.3667338
17.461559 78.3666345
17.461122 78.3665751
17.4623965 78.3667338
999.999 999.999
17.4652637 78.343547
17.4654225 78.3434537
17.4655512 78.3426453
17.4656495 78.341727
17.4648471 78.3415542
17.4643354 78.3412753
17.4633529 78.3409749
17.462309 78.3394514
17.4621043 78.3390866
17.4601303 78.337375
999.999 999.999
17.4454036 78.3463543
17.446415 78.3473067
17.4464498 78.3473395
17.4468651 78.3477305
17.4477346 78.3485493
17.4477966 78.3486076
999.999 999.999
17.4529549 78.3689856
17.4530225 78.368576
17.4531074 78.3680619
17.4528422 78.3679219
17.4527429 78.3685272
999.999 999.999
17.4548237 78.36901
17.4546389 78.3688724
17.4544277 78.3688497
17.4540123 78.3687482
17.4530225 78.368576
17.4527429 78.3685272
17.4524902 78.3684832
17.4520417 78.3681739
17.4520134 78.3681654
17.45133 78.3679595
999.999 999.999
17.4531306 78.3691324
17.4529549 78.3689856
999.999 999.999
17.451604 78.3664884
17.4522614 78.3666908
17.4521207 78.367305
17.45144 78.3671282
999.999 999.999
17.4553901 78.3639429
17.4555942 78.3636056
17.4557825 78.3632108
17.4558889 78.3628331
17.4560281 78.3623353
17.4560854 78.3620606
17.4562328 78.3617345
17.4566258 78.3610908
17.457068 78.3602925
17.4602044 78.3546707
17.4602284 78.3546277
17.4619806 78.3512631
17.463135 78.3482934
17.4634871 78.3472978
17.4638964 78.3460361
17.4640111 78.3458215
17.4647316 78.3446628
17.4648953 78.3443795
17.4652637 78.343547
999.999 999.999
17.4609279 78.3661115
17.4610238 78.3656984
17.4611202 78.3652429
17.4611786 78.3646578
17.4605236 78.3648884
17.4600989 78.3649421
17.4600887 78.3648026
17.4598481 78.3647811
17.4598072 78.3647758
17.4597816 78.3650333
17.4599147 78.3650547
17.4598123 78.3656448
999.999 999.999
17.4494775 78.3668893
17.449718 78.3669505
17.4496546 78.3671927
999.999 999.999
17.4521667 78.367592
17.4518008 78.3674847
17.4513862 78.3673756
999.999 999.999
17.4510852 78.3670389
17.4510938 78.36693
999.999 999.999
17.45144 78.3671282
17.4510852 78.3670389
17.4505463 78.3669033
17.4503121 78.3668444
17.4495415 78.3666505
999.999 999.999
17.4496546 78.3671927
17.4504225 78.3673866
17.4513337 78.3676167
17.4520542 78.3678441
999.999 999.999
17.449718 78.3669505
17.450484 78.3671457
17.4513862 78.3673756
999.999 999.999
17.4496546 78.3671927
17.4495961 78.3674158
999.999 999.999
17.4513147 78.3684771
17.4518836 78.3686446
999.999 999.999
17.451719 78.3692523
17.4518836 78.3686446
17.4520134 78.3681654
999.999 999.999
17.4506128 78.3663642
17.4511325 78.3664369
999.999 999.999
17.4506128 78.3663642
17.450643 78.3661194
17.4506724 78.365881
17.4507839 78.365052
999.999 999.999
17.4511527 78.3661789
17.4511724 78.3659277
17.4512585 78.3651029
17.4513915 78.3640059
17.4514632 78.3640005
17.451499 78.3639442
17.4515297 78.3638342
17.4515492 78.3636126
999.999 999.999
17.450643 78.3661194
17.4511527 78.3661789
17.4516691 78.3662346
999.999 999.999
17.4516096 78.3664666
17.4511339 78.366418
17.4511527 78.3661789
999.999 999.999
17.4511148 78.3666618
17.4511325 78.3664369
17.4511339 78.366418
999.999 999.999
17.4515487 78.366704
17.4511148 78.3666618
17.4505804 78.3666265
999.999 999.999
17.4514843 78.3669555
17.4510938 78.36693
17.4511148 78.3666618
999.999 999.999
17.4522486 78.3660606
17.4523169 78.365736
17.4520742 78.3656932
999.999 999.999
17.4525761 78.3657816
17.4523169 78.365736
999.999 999.999
17.4525685 78.3662616
17.4519912 78.3661321
17.4519465 78.366122
17.4517115 78.3660693
999.999 999.999
17.4519912 78.3661321
17.4520742 78.3656932
17.4518384 78.3656517
999.999 999.999
17.452525 78.3665111
17.4516504 78.3663076
999.999 999.999
17.4396562 78.3771258
17.439873 78.3771325
999.999 999.999
17.4394773 78.377439
17.4393558 78.3773372
17.4389963 78.3769454
17.4382301 78.3760497
17.4372827 78.3749421
17.4370623 78.3747379
17.4368377 78.3745703
17.4365306 78.3744735
17.4360278 78.3744355
17.4346546 78.374531
17.431006 78.3751027
17.4298514 78.3752029
17.4293962 78.3749804
17.4290927 78.3748644
17.4288253 78.3748396
17.4286528 78.3748723
999.999 999.999
17.4498383 78.3657494
17.4499245 78.365773
17.4500532 78.3658084
17.450304 78.3658486
17.450409 78.365862
999.999 999.999
17.4496157 78.3664119
17.4503384 78.366578
999.999 999.999
17.4503121 78.3668444
17.4503384 78.366578
17.4503598 78.3663608
17.450409 78.365862
17.4504831 78.3650198
17.450621 78.3636924
999.999 999.999
17.4499202 78.3663126
17.4503598 78.3663608
999.999 999.999
17.450409 78.365862
17.4506724 78.365881
17.4509219 78.3659043
17.4511724 78.3659277
17.4517343 78.3659802
999.999 999.999
17.4484146 78.3635731
17.448326 78.3646927
17.4485308 78.3647142
17.448738 78.3647598
17.4489171 78.364824
17.4491065 78.3648696
17.4495056 78.3649098
17.4500276 78.3649581
17.4504831 78.3650198
999.999 999.999
17.4504831 78.3650198
17.4506758 78.3650404
17.4507839 78.365052
17.4510116 78.3650764
17.4512585 78.3651029
999.999 999.999
17.4500806 78.3638679
17.4500839 78.3644594
999.999 999.999
17.4494621 78.3652612
17.4494741 78.3651642
17.4499955 78.3652117
999.999 999.999
17.4482221 78.3635466
17.4480599 78.3647812
17.4480216 78.3652129
17.4483235 78.3652612
999.999 999.999
17.4495365 78.3646497
17.4495693 78.3643926
17.4495832 78.3642877
17.4496435 78.3638462
999.999 999.999
17.4494741 78.3651642
17.4495056 78.3649098
17.4495365 78.3646497
17.4500567 78.3647001
999.999 999.999
17.4495693 78.3643926
17.4500839 78.3644594
17.4500567 78.3647001
17.4500276 78.3649581
17.4499955 78.3652117
17.4499245 78.365773
999.999 999.999
17.4477324 78.3611656
17.4477016 78.3612736
17.4475599 78.3617697
17.4474207 78.3622571
17.4473486 78.3625094
999.999 999.999
17.446366 78.3618657
17.4464826 78.3614306
999.999 999.999
17.4459668 78.3612783
17.4464826 78.3614306
17.4475599 78.3617697
17.4480813 78.3619019
999.999 999.999
17.446366 78.3618657
17.4463916 78.3619649
999.999 999.999
17.4463916 78.3619649
17.4474207 78.3622571
999.999 999.999
17.4467549 78.3609832
17.4477016 78.3612736
999.999 999.999
17.461559 78.3666345
17.4616634 78.3657699
17.4617148 78.3653115
17.4617415 78.3649206
17.4620916 78.3649983
17.4626105 78.3650481
999.999 999.999
17.4626199 78.3649723
17.4637084 78.3651206
17.4647587 78.3652674
17.464643 78.3656002
17.4646176 78.3656628
17.4644415 78.3660964
17.4643981 78.366191
17.4642593 78.3664937
17.464071 78.3669041
17.4639662 78.3670978
999.999 999.999
17.462474 78.3662504
17.4635412 78.3663958
17.4642593 78.3664937
999.999 999.999
17.4646176 78.3656628
17.4636538 78.3655363
17.4625712 78.3653941
999.999 999.999
17.4636755 78.3702742
17.4622427 78.3697593
17.4610855 78.3693821
999.999 999.999
17.4617257 78.3670173
17.4616695 78.3674767
17.461406 78.3683779
17.4610855 78.3693821
17.4596682 78.3688967
17.4584649 78.3683744
999.999 999.999
17.4628899 78.3688682
17.461406 78.3683779
17.4594615 78.3677208
999.999 999.999
17.4613318 78.3565737
17.461482 78.3562808
17.4615049 78.3562362
17.4616725 78.3559093
17.4618367 78.355589
17.4624678 78.3543582
999.999 999.999
17.460403 78.3552004
17.4607166 78.3553755
17.4610257 78.3555481
17.4613539 78.3557314
17.4616725 78.3559093
17.4632559 78.3567936
999.999 999.999
17.4610346 78.3563596
17.4611612 78.3561109
17.4613539 78.3557314
999.999 999.999
17.4610017 78.3560265
17.4611612 78.3561109
17.461482 78.3562808
999.999 999.999
17.4607587 78.3560774
17.4610257 78.3555481
999.999 999.999
17.4604516 78.3558763
17.4607166 78.3553755
999.999 999.999
17.4602265 78.3555437
17.460403 78.3552004
17.4605719 78.3548775
999.999 999.999
17.4602044 78.3546707
17.4605719 78.3548775
17.4608781 78.3550497
17.461201 78.3552313
17.4615186 78.35541
17.4618367 78.355589
17.4621501 78.3557653
17.4624589 78.355939
17.4627826 78.3561211
17.4631055 78.3563027
17.4634048 78.3564711
17.4634451 78.3564937
999.999 999.999
17.4619515 78.3537843
17.4622726 78.353967
17.4615186 78.35541
999.999 999.999
17.4616578 78.3536171
17.4619515 78.3537843
17.461201 78.3552313
999.999 999.999
17.4622726 78.353967
17.4625216 78.3541087
999.999 999.999
17.4605719 78.3548775
17.4613266 78.3534286
17.4614973 78.353101
17.4616388 78.3528293
17.4617565 78.3526496
17.4618333 78.3525369
17.4618947 78.3525182
17.4620047 78.3525423
17.4625471 78.3528534
999.999 999.999
17.4626904 78.3546666
17.4626444 78.3547832
17.4625983 78.3549
17.4621501 78.3557653
999.999 999.999
17.463284 78.355144
17.4627826 78.3561211
999.999 999.999
17.4626444 78.3547832
17.4628977 78.3549107
17.4629437 78.3549509
17.4629412 78.3550072
17.4629053 78.3550824
17.4624589 78.355939
999.999 999.999
17.4624346 78.3575473
17.4625116 78.3574047
17.4627542 78.356956
999.999 999.999
17.4625116 78.3574047
17.4627774 78.3575527
17.4630589 78.3571316
17.4627542 78.356956
17.4624341 78.3567716
17.4621089 78.3565842
17.4618088 78.3564113
17.4615049 78.3562362
999.999 999.999
17.4618614 78.357086
17.4621089 78.3565842
999.999 999.999
17.4621838 78.3568687
17.4623408 78.3569573
999.999 999.999
17.4615723 78.356858
17.4618088 78.3564113
999.999 999.999
17.462171 78.3572952
17.4623408 78.3569573
17.4624341 78.3567716
999.999 999.999
17.4613266 78.3534286
17.4616578 78.3536171
17.4608781 78.3550497
999.999 999.999
17.4625753 78.3537144
17.4617587 78.3532497
17.4619291 78.3529216
999.999 999.999
17.4617587 78.3532497
17.4614973 78.353101
999.999 999.999
17.4616388 78.3528293
17.4618998 78.3529044
17.4619291 78.3529216
17.4623578 78.3531726
17.4626316 78.3532504
999.999 999.999
17.4627058 78.3525182
17.4620866 78.3521695
17.4620405 78.3521507
17.4620022 78.3521668
17.4618563 78.352435
17.4618333 78.3525369
999.999 999.999
17.4435103 78.3678844
17.4432084 78.3684289
17.4431086 78.3686837
17.4430062 78.3691504
17.4428834 78.3697566
17.4426277 78.3705262
17.4426208 78.3705458
17.4421749 78.3718055
17.441947 78.3724975
17.4417455 78.3730706
17.4417167 78.3731494
17.4414813 78.3737824
17.4413277 78.3738146
17.4400044 78.3737171
17.4380523 78.3735732
999.999 999.999
17.4324009 78.3689674
17.4320236 78.3686719
17.4321733 78.368461
17.4322976 78.3682891
17.4325504 78.3679398
17.433029 78.3672783
17.4333375 78.3668418
17.4338555 78.3661088
17.4341075 78.3657554
17.4343747 78.3653805
999.999 999.999
17.4423151 78.3440962
17.441224 78.3466563
17.4410713 78.3470147
17.4409881 78.3470489
999.999 999.999
17.4419084 78.3437393
17.4413506 78.345067
17.4413449 78.3452372
17.4408326 78.3464764
17.441224 78.3466563
999.999 999.999
17.4402605 78.3467273
17.4406576 78.3469029
17.4409881 78.3470489
17.4402355 78.3488301
999.999 999.999
17.4408326 78.3464764
17.4406576 78.3469029
999.999 999.999
17.4424202 78.3444314
17.4435793 78.3449624
17.4433743 78.3454634
17.4431622 78.3459817
17.443129 78.346376
17.4430619 78.3465377
17.4428551 78.3470364
17.4427631 78.3472584
17.4425814 78.3475132
17.4423669 78.3480252
17.4421566 78.3485271
17.4420773 78.3488677
17.4417394 78.3496401
999.999 999.999
17.4411432 78.3474624
17.4423669 78.3480252
999.999 999.999
17.4409232 78.3479746
17.4421566 78.3485271
999.999 999.999
17.4413685 78.3469714
17.4425814 78.3475132
999.999 999.999
17.4422462 78.3449544
17.4433743 78.3454634
999.999 999.999
17.4415757 78.3464564
17.4428551 78.3470364
999.999 999.999
17.4418086 78.3459656
17.4430619 78.3465377
999.999 999.999
17.4419998 78.3454594
17.4431622 78.3459817
999.999 999.999
17.440299 78.3697324
17.4399436 78.3715357
17.4399046 78.3716611
17.4398511 78.371728
17.439749 78.371854
17.4393903 78.3722966
17.4393598 78.3723342
17.4387331 78.3729351
17.4381482 78.3734833
17.4380523 78.3735732
17.4374996 78.3740989
17.4370559 78.3746149
999.999 999.999
17.4417455 78.3730706
17.4428661 78.3731518
17.4436508 78.3732086
17.4443548 78.3732595
17.4443951 78.3726562
17.4444395 78.3719923
17.4441374 78.3719678
17.4435382 78.3719193
17.4429635 78.3718728
17.4429116 78.3725539
17.4428661 78.3731518
999.999 999.999
17.4429635 78.3718728
17.4421749 78.3718055
17.441092 78.3717366
17.4399046 78.3716611
999.999 999.999
17.4419213 78.3642689
17.4416867 78.3641501
17.4412316 78.3638992
999.999 999.999
17.4413327 78.363719
17.4412316 78.3638992
17.4411742 78.3640013
17.4398305 78.3634934
999.999 999.999
17.4409156 78.3641536
17.4410027 78.3641831
17.4415307 78.364471
17.4417652 78.3645988
17.4421362 78.3648134
17.4419546 78.3651084
17.4417481 78.3654573
17.4417063 78.3655278
17.4414387 78.3654336
17.4406674 78.3651621
999.999 999.999
17.4415221 78.3636359
17.4418841 78.363779
17.4416867 78.3641501
999.999 999.999
17.4416867 78.3641501
17.4415307 78.364471
999.999 999.999
17.4411997 78.3635796
17.4408746 78.3634792
17.4403738 78.3632523
999.999 999.999
17.4415963 78.3631424
17.4413737 78.3631987
17.4412304 78.3632684
17.4408746 78.3634792
999.999 999.999
17.4419546 78.3651084
17.4409387 78.3645639
17.4409822 78.3644432
17.4400075 78.3644656
17.4391091 78.3644862
17.4385739 78.3641835
999.999 999.999
17.4407954 78.3661411
17.441095 78.3662556
999.999 999.999
17.4417063 78.3655278
17.4416038 78.3657932
17.4412841 78.3666212
999.999 999.999
17.4410001 78.3665112
17.441095 78.3662556
17.4414387 78.3654336
999.999 999.999
17.4425381 78.3662784
17.4423616 78.3661867
17.442175 78.3660898
17.4420088 78.3660035
17.4418304 78.3659109
17.4416038 78.3657932
999.999 999.999
17.442776 78.3672755
17.4423443 78.3671958
17.44185 78.3671046
17.4416655 78.3670719
17.4414162 78.3670245
17.441105 78.3669671
17.4403911 78.3668009
17.4397334 78.3666963
17.4393854 78.3666373
17.439086 78.366538
17.4382032 78.3661438
17.437914 78.3660177
999.999 999.999
17.4386203 78.3667902
17.4383951 78.3666695
17.4383081 78.3666427
17.4382288 78.3666346
17.437786 78.3664203
17.4376428 78.3663369
17.4374585 78.3662135
17.4371193 78.365899
999.999 999.999
17.4394955 78.3677664
17.4395748 78.3673533
17.439608 78.3671039
17.4396643 78.3668786
17.4397334 78.3666963
999.999 999.999
17.44185 78.3671046
17.4419546 78.3665407
17.442175 78.3660898
999.999 999.999
17.4416655 78.3670719
17.4417601 78.3665166
17.4417806 78.366479
17.4419008 78.3662108
17.4420088 78.3660035
999.999 999.999
17.4414162 78.3670245
17.4415528 78.3664629
17.4415989 78.36642
17.4418304 78.3659109
999.999 999.999
17.4423616 78.3661867
17.4424638 78.3659936
17.4425354 78.3657709
17.4417481 78.3654573
999.999 999.999
17.4422029 78.3680719
17.4422837 78.3675717
17.4423443 78.3671958
999.999 999.999
17.4416655 78.3670719
17.4416014 78.3674525
999.999 999.999
17.4409361 78.367482
17.4412273 78.3675427
999.999 999.999
17.4414556 78.3680775
17.4415323 78.3677476
17.4415847 78.367449
999.999 999.999
17.4411383 78.3680051
17.4412273 78.3675427
17.4412585 78.3673801
17.4415847 78.367449
17.4416014 78.3674525
17.4419372 78.3675112
17.4422837 78.3675717
999.999 999.999
17.441801 78.3681392
17.4418676 78.3678629
17.4419372 78.3675112
999.999 999.999
17.4379524 78.3656905
17.4378117 78.3658729
17.437914 78.3659721
17.437914 78.3660177
17.437786 78.3664203
17.4375353 78.3672889
17.4374637 78.3676564
999.999 999.999
17.4321733 78.368461
17.4325531 78.368772
17.4326842 78.3688793
17.4331021 78.3692216
17.4335235 78.3695658
999.999 999.999
17.433835 78.3675947
17.4326842 78.3688793
999.999 999.999
17.4339041 78.3682411
17.4331021 78.3692216
17.4328268 78.369542
17.4326886 78.3696868
17.432466 78.3695152
999.999 999.999
17.4322229 78.369196
17.4324009 78.3689674
17.4325531 78.368772
999.999 999.999
17.4320236 78.3686719
17.4316948 78.3684193
17.4309178 78.3678224
999.999 999.999
17.4330174 78.3645065
17.4325222 78.3654919
17.4321713 78.3660287
17.4319479 78.3663786
17.4316947 78.3667303
17.4314463 78.3670755
17.4311711 78.3674579
999.999 999.999
17.4301178 78.3654914
17.431006 78.3662055
17.4316947 78.3667303
17.4324671 78.3673123
999.999 999.999
17.4303496 78.3651245
17.4312711 78.3658533
17.431006 78.3662055
999.999 999.999
17.4312711 78.3658533
17.4319479 78.3663786
17.4327316 78.3669456
999.999 999.999
17.4303624 78.3662482
17.4305562 78.3663986
17.4307565 78.366554
17.4314463 78.3670755
999.999 999.999
17.4307565 78.366554
17.431006 78.3662055
999.999 999.999
17.4311711 78.3674579
17.4305159 78.3669885
17.4307565 78.366554
999.999 999.999
17.4301551 78.3666425
17.4303624 78.3662482
999.999 999.999
17.4303268 78.3668217
17.4305562 78.3663986
999.999 999.999
17.4333375 78.3668418
17.4329869 78.3665915
17.4327316 78.3669456
17.4324671 78.3673123
17.4322078 78.3676718
999.999 999.999
17.4324795 78.3662278
17.4332337 78.3651673
17.4341075 78.3657554
999.999 999.999
17.4329869 78.3665915
17.4324795 78.3662278
17.4321713 78.3660287
17.4315091 78.3655447
17.4312711 78.3658533
999.999 999.999
17.4314463 78.3670755
17.4322078 78.3676718
17.4325504 78.3679398
999.999 999.999
17.4316948 78.3684193
17.4314708 78.3687685
17.4313759 78.3687239
17.4312556 78.36863
17.430711 78.3681198
17.4309178 78.3678224
17.4311711 78.3674579
17.4322976 78.3682891
999.999 999.999
17.4319163 78.3637738
17.4318623 78.3638892
17.4316778 78.3639844
17.4315473 78.3640273
17.4314552 78.3640434
17.4313631 78.3640407
17.4312863 78.3640246
17.4310253 78.3638718
17.4309332 78.3638208
17.4308717 78.3638128
17.4307822 78.3638101
17.4306747 78.3638315
17.4306082 78.3638691
17.430557 78.3639388
17.4304981 78.3640461
17.4304751 78.3641668
17.4305007 78.364368
17.430493 78.3644806
17.4304444 78.3645879
17.4302038 78.3649768
999.999 999.999
17.4506903 78.3833393
17.4507547 78.3831541
17.4509411 78.3827841
17.4502621 78.382247
999.999 999.999
17.4501504 78.3826553
17.4507547 78.3831541
999.999 999.999
17.4496699 78.3794358
17.448933 78.3792213
17.4484253 78.3789809
17.4480978 78.3787234
17.447541 78.3782771
17.4469023 78.3778909
17.4463537 78.3776334
17.4458215 78.3774617
17.4452319 78.3773759
17.4442821 78.3772901
17.4438923 78.3772896
17.4436349 78.3772893
17.4412053 78.3772862
17.4408208 78.3772857
17.4406628 78.3772855
17.4405409 78.3772853
17.4400301 78.3773188
17.4397655 78.3773727
17.4397005 78.377408
17.4394773 78.377439
999.999 999.999
17.4536303 78.379383
17.453551 78.3795038
17.4533693 78.3798149
17.4532388 78.380059
17.4531416 78.3802789
17.4530751 78.3805391
17.4530085 78.3812043
17.4529824 78.3816523
17.4529804 78.3816871
17.4529701 78.3819768
17.4529932 78.382194
17.4530443 78.3823523
17.4531723 78.3825346
17.4534409 78.3827626
17.4536096 78.3828581
17.4541702 78.3831757
17.4542125 78.3831907
17.4553344 78.3835888
17.4556077 78.3837575
17.4556307 78.3837654
17.4565549 78.384085
17.4565713 78.3840895
17.4571717 78.3842532
17.457302 78.3842888
17.4589959 78.3846348
17.4608764 78.3850264
17.4615263 78.3851471
17.4619152 78.3852008
17.4628802 78.3852498
17.4631152 78.3852195
17.4637805 78.3852651
17.4642077 78.3853027
17.4646094 78.3853644
17.4651902 78.3854744
17.4661649 78.3856768
17.4668593 78.385793
999.999 999.999
17.4560943 78.377358
17.4555647 78.377755
17.4549989 78.3781649
17.4547839 78.3783312
17.4546918 78.3784391
17.4544486 78.3787653
17.4541207 78.3790565
17.4540048 78.3791336
17.4536303 78.379383
17.4530167 78.3796429
999.999 999.999
17.4551621 78.3721102
17.4551681 78.3723612
17.4553 78.3726298
17.4557703 78.3735906
17.4558025 78.3737957
17.4558379 78.3744285
17.4558727 78.3750673
17.455888 78.3753492
17.4559268 78.3760166
17.455928 78.3760385
17.4560031 78.3773107
999.999 999.999
17.4552295 78.3737719
17.4548214 78.3729216
17.4543826 78.3720071
999.999 999.999
17.4548214 78.3729216
17.455035 78.3727957
17.4551885 78.372683
17.4553 78.3726298
999.999 999.999
17.4546973 78.3763629
17.4546882 78.3760892
17.4546666 78.3754348
17.455888 78.3753492
999.999 999.999
17.4553216 78.3767759
17.4553165 78.3764058
17.4552976 78.3760535
999.999 999.999
17.4541062 78.3761054
17.4546882 78.3760892
17.4552976 78.3760535
17.4559268 78.3760166
999.999 999.999
17.456299 78.3737746
17.4558025 78.3737957
999.999 999.999
17.4564679 78.3743941
17.4558379 78.3744285
999.999 999.999
17.4566654 78.3750255
17.4558727 78.3750673
999.999 999.999
17.4570868 78.376028
17.4566214 78.3760008
17.455928 78.3760385
999.999 999.999
17.4509219 78.3659043
17.4509666 78.3654062
17.4510116 78.3650764
17.4510588 78.3646364
17.450744 78.3645883
999.999 999.999
17.4508996 78.3636468
17.450744 78.3645883
17.4506758 78.3650404
999.999 999.999
17.4457518 78.3672328
17.4457595 78.3675037
999.999 999.999
17.4469238 78.3657012
17.4469185 78.3659023
17.4469057 78.3663901
17.4468834 78.3672379
17.4468572 78.3682332
17.4468393 78.3683164
17.4468035 78.368362
17.4467549 78.3683781
17.4467139 78.3683647
17.4466628 78.3683271
17.4462668 78.3679662
17.4457595 78.3675037
17.4455957 78.3673642
17.4457518 78.3672328
17.4457544 78.3666668
17.4463162 78.3662979
17.4469185 78.3659023
999.999 999.999
17.4453373 78.3669377
17.4457544 78.3666668
999.999 999.999
17.4462889 78.3672217
17.4468834 78.3672379
999.999 999.999
17.4462668 78.3679662
17.4462889 78.3672217
17.4463162 78.3662979
999.999 999.999
17.4474995 78.3657468
17.4474783 78.3663985
17.447433 78.367788
999.999 999.999
17.4469057 78.3663901
17.4474783 78.3663985
999.999 999.999
17.4442447 78.3671362
17.4443445 78.3670531
17.4445057 78.3669699
17.444759 78.3668439
17.4450046 78.3667044
17.4451198 78.3666186
17.4452094 78.3664844
17.4453015 78.3663423
17.4455932 78.366176
17.4458465 78.3660472
17.4461305 78.3658997
17.4463915 78.36572
17.4464939 78.3656691
17.4467088 78.3656047
17.4468061 78.3655886
17.446937 78.365502
17.4470568 78.3654545
17.4471669 78.3654464
17.4472615 78.3654813
17.447392 78.365551
17.4475046 78.3656261
17.4476326 78.365771
17.4482953 78.3664844
17.4487226 78.3670048
999.999 999.999
17.4470795 78.3634515
17.446937 78.365502
17.4469238 78.3657012
999.999 999.999
17.4442421 78.3667714
17.444759 78.3665917
17.4450123 78.366471
17.4453015 78.3663423
999.999 999.999
17.4448537 78.3620347
17.4449582 78.362054
17.4450762 78.3622275
17.4452656 78.3625309
17.4454359 78.3628449
17.445542 78.3630405
17.4455566 78.3631776
999.999 999.999
17.4447129 78.3625282
17.4448145 78.362172
17.4448537 78.3620347
17.4449176 78.3619032
17.4448895 78.3618523
17.4448025 78.3617852
17.4447296 78.3617587
17.4446183 78.3617182
17.4444545 78.3617182
17.4442805 78.3617182
17.4441551 78.3617799
17.4440476 78.3619005
17.4440261 78.3619387
17.4439632 78.3620508
17.4438711 78.3621554
17.4437259 78.3622863
17.4435231 78.3624692
17.4434079 78.3626301
17.4433778 78.3627498
999.999 999.999
17.4424483 78.361568
17.4430497 78.3617664
17.4429831 78.3619622
17.4427221 78.3624182
17.4424276 78.3626179
999.999 999.999
17.4413494 78.3596926
17.4416628 78.3598889
17.4419494 78.3601088
17.4423895 78.3603744
17.4424396 78.3604012
17.4425993 78.360487
17.4426761 78.3605246
17.4435333 78.3608786
17.4441884 78.3611361
999.999 999.999
17.441673 78.3607526
17.4420151 78.3609449
17.442131 78.3610101
999.999 999.999
17.4425046 78.3612166
17.442131 78.3610101
17.4422923 78.3607016
17.4424396 78.3604012
999.999 999.999
17.4418752 78.3604656
17.4422923 78.3607016
999.999 999.999
17.4431394 78.359391
17.4430446 78.359449
17.4426983 78.3596509
999.999 999.999
17.4440963 78.3591647
17.4439043 78.3588938
17.4435077 78.3591379
17.4433977 78.3590252
17.4430829 78.359272
17.4429217 78.3591271
17.4427042 78.3593042
17.4425968 78.3593122
17.4425226 78.3593846
17.4426914 78.3595939
17.4426983 78.3596509
17.4427119 78.3597628
17.4428015 78.3598782
17.4428654 78.3598969
17.4429396 78.3598862
17.4430855 78.3597655
17.4433337 78.3596234
17.4434591 78.3595804
17.4437738 78.3594007
17.4440963 78.3591647
17.4441966 78.3589329
17.4442329 78.358849
999.999 999.999
17.4430829 78.359272
17.4431439 78.3593499
999.999 999.999
17.4432039 78.3593642
17.4431987 78.3593527
17.4431901 78.3593438
17.4431819 78.3593394
17.4431699 78.3593373
17.4431533 78.3593419
17.4431439 78.3593499
17.443138 78.3593599
17.4431354 78.3593724
17.443137 78.359385
17.4431394 78.359391
17.4431468 78.3594011
17.4431627 78.3594097
17.4431748 78.3594102
17.4431864 78.3594064
17.4431948 78.3594
17.4432018 78.3593896
17.4432051 78.3593773
17.4432039 78.3593642
999.999 999.999
17.4432051 78.3593773
17.4434207 78.35928
17.4434876 78.3592106
17.4435077 78.3591379
999.999 999.999
17.4392083 78.3592961
17.4396465 78.3587758
17.4385641 78.3576707
17.4380779 78.3581857
17.4387611 78.3588616
17.4392083 78.3592961
17.4394955 78.3595751
17.4397818 78.3598843
17.4402606 78.3604012
17.4405764 78.3607499
999.999 999.999
17.4370185 78.3569277
17.4376531 78.3577619
17.4380779 78.3581857
999.999 999.999
17.4378373 78.3553184
17.4374125 78.3561633
17.4374739 78.3563189
17.4374816 78.3564154
17.4374739 78.356512
17.4374381 78.3565764
17.4373639 78.35663
17.4370543 78.3567909
17.4370005 78.3568285
17.4369903 78.3568795
17.4370185 78.3569277
999.999 999.999
17.4371438 78.3558066
17.4374125 78.3561633
999.999 999.999
17.4436562 78.3706433
17.4436001 78.3712827
17.4435382 78.3719193
999.999 999.999
17.4444395 78.3719923
17.4447572 78.3720152
17.4448642 78.370757
17.4442549 78.3706997
17.4436562 78.3706433
17.4426208 78.3705458
999.999 999.999
17.4427608 78.3712076
17.4436001 78.3712827
999.999 999.999
17.4442705 78.3705317
17.4442549 78.3706997
17.4441374 78.3719678
999.999 999.999
17.4534152 78.3745496
17.4531109 78.3744719
17.4531109 78.3747562
17.4534026 78.3747535
17.4534152 78.3745496
17.4534921 78.3733105
17.452681 78.3732837
17.4511637 78.3732676
17.4503853 78.372446
999.999 999.999
17.4526401 78.3744638
17.4531109 78.3744719
999.999 999.999
17.451133 78.3749144
17.451156 78.3736811
17.4511637 78.3732676
999.999 999.999
17.44428 78.3647249
17.4445475 78.3648252
999.999 999.999
17.4445851 78.3644084
17.4444252 78.3643497
999.999 999.999
17.4445826 78.3647249
17.4445475 78.3648252
17.4444747 78.3650335
999.999 999.999
17.444598 78.3646207
17.4443525 78.3645375
999.999 999.999
17.4444674 78.3634642
17.4444086 78.3636573
17.4443881 78.3638049
17.4444111 78.3639577
17.4444802 78.3640919
17.4445151 78.3641174
17.4445902 78.3641723
17.4448256 78.3642769
17.4449794 78.3643176
17.4450687 78.3643252
17.4452095 78.3643494
17.4453758 78.3644218
17.4456419 78.3645666
999.999 999.999
17.4446951 78.3649394
17.4447873 78.3647839
17.4448691 78.3646363
17.4449273 78.3644967
17.4449306 78.3644888
17.4449794 78.3643176
999.999 999.999
17.4445151 78.3641174
17.4444252 78.3643497
17.4443525 78.3645375
17.44428 78.3647249
17.4442115 78.3649019
999.999 999.999
17.4444981 78.3620722
17.4448145 78.362172
999.999 999.999
17.4415068 78.3619461
17.4408114 78.361495
999.999 999.999
17.4409346 78.3626185
17.4407007 78.3624664
999.999 999.999
17.441016 78.3611345
17.4408114 78.361495
17.4405933 78.3618603
17.4409387 78.3620775
17.4407007 78.3624664
17.4403604 78.3622572
17.4402325 78.3624745
17.4404653 78.362622
999.999 999.999
17.4412312 78.3622667
17.4411253 78.36276
999.999 999.999
17.4413328 78.3623323
17.4412312 78.3622667
17.4409387 78.3620775
999.999 999.999
17.4412688 78.3612943
17.441016 78.3611345
999.999 999.999
17.4399076 78.3629702
17.4399341 78.3634475
999.999 999.999
17.440473 78.3629439
17.4399076 78.3629702
17.4397821 78.3629761
999.999 999.999
17.4387331 78.3729351
17.4400483 78.3730296
17.4410029 78.3730981
17.4417167 78.3731494
999.999 999.999
17.4393903 78.3722966
17.4410468 78.3724268
17.441947 78.3724975
999.999 999.999
17.441092 78.3717366
17.4410468 78.3724268
17.4410029 78.3730981
999.999 999.999
17.4400483 78.3730296
17.4400044 78.3737171
999.999 999.999
17.4368674 78.3730022
17.4374392 78.373217
17.4381482 78.3734833
999.999 999.999
17.435048 78.3683351
17.4354216 78.3686382
17.4358847 78.3690084
17.4361816 78.3692524
17.4364145 78.3698318
17.4365373 78.3700276
17.4367676 78.3703092
17.4370005 78.3705292
17.4380469 78.3712534
17.439749 78.371854
999.999 999.999
17.4443951 78.3726562
17.4436693 78.3726061
17.4429116 78.3725539
999.999 999.999
17.4568125 78.3707229
17.4579348 78.3712454
999.999 999.999
17.4564911 78.3717709
17.4576403 78.3722589
999.999 999.999
17.458515 78.367915
17.4584649 78.3683744
17.4583252 78.3692471
17.4581168 78.3706619
17.4579348 78.3712454
17.4576403 78.3722589
17.4574874 78.3737312
17.4574726 78.3740554
17.4574361 78.3746907
17.457409 78.3752695
17.4573033 78.3756707
17.4570868 78.376028
17.4562972 78.3770871
17.4560031 78.3773107
17.4556377 78.3775884
999.999 999.999
17.458515 78.367915
17.4585288 78.3669684
17.4590908 78.3660539
999.999 999.999
17.443903 78.3689939
17.4441199 78.3687726
17.4442797 78.368623
17.4445136 78.3683299
17.4446017 78.3682124
17.4447019 78.3680787
17.4449096 78.3680464
17.4450256 78.368015
17.4451134 78.3679778
17.4452275 78.3678798
999.999 999.999
17.4436188 78.3679029
17.4439217 78.3681848
999.999 999.999
17.4434741 78.3686641
17.4436703 78.3688603
17.4439214 78.3690708
17.4442662 78.3694028
17.444314 78.3694488
17.4451905 78.3703197
999.999 999.999
17.4460759 78.3703733
17.4458093 78.370159
17.4455464 78.3699484
17.4453272 78.3697034
17.4449328 78.3693091
17.444648 78.3690373
999.999 999.999
17.4446017 78.3682124
17.4447828 78.3683336
17.4449381 78.3685537
17.4449987 78.3686158
17.4453215 78.3689461
17.4458191 78.3694198
17.445922 78.36952
17.4463461 78.3699331
999.999 999.999
17.443296 78.3688714
17.4434741 78.3686641
17.4435721 78.3685572
17.4439217 78.3681848
17.4442682 78.3678156
17.4443767 78.3677797
17.4445364 78.3678574
17.4447019 78.3680787
999.999 999.999
17.4424703 78.3572338
17.4429991 78.357542
17.4433487 78.3577824
17.4438558 78.3586445
17.4442329 78.358849
17.4442619 78.3588647
17.4447533 78.3591312
999.999 999.999
17.4540048 78.3791336
17.4540618 78.3793196
17.4541428 78.3797068
17.4541522 78.3805989
17.4541563 78.3809874
17.4541652 78.3812082
17.454242 78.3813637
17.4546605 78.3818606
17.4547671 78.3819871
17.4557177 78.3826668
17.4558292 78.3827726
17.4557484 78.3831681
17.4556307 78.3837654
999.999 999.999
17.4564379 78.38268
17.4565713 78.3840895
999.999 999.999
17.4529824 78.3816523
17.4540223 78.3817026
999.999 999.999
17.4570307 78.3825309
17.4571717 78.3842532
999.999 999.999
17.4585192 78.3814407
17.4588854 78.3824867
17.4599166 78.3834703
999.999 999.999
17.4583755 78.3824945
17.4582527 78.382202
17.4580027 78.3815718
999.999 999.999
17.453068 78.3809421
17.4537615 78.3809515
17.4540502 78.3806301
17.4541522 78.3805989
999.999 999.999
17.4546605 78.3818606
17.4545181 78.3821726
17.4543379 78.3827348
17.4542125 78.3831907
999.999 999.999
17.4531342 78.3822803
17.4536224 78.3824303
17.4543379 78.3827348
17.4557484 78.3831681
999.999 999.999
17.454242 78.3813637
17.4540223 78.3817026
17.4539162 78.3818663
17.4536224 78.3824303
17.4536096 78.3828581
999.999 999.999
17.4558292 78.3827726
17.4561099 78.3827253
17.4570307 78.3825309
17.4571089 78.3825144
17.4572685 78.3824681
17.4577133 78.3825448
17.4579756 78.3825121
17.4583755 78.3824945
17.4588854 78.3824867
999.999 999.999
17.4455328 78.351007
17.4448184 78.3503404
17.4443594 78.3498785
17.4437957 78.3493701
999.999 999.999
17.4457597 78.3511278
17.445973 78.3513472
17.4459739 78.3514085
999.999 999.999
17.4469171 78.3495231
17.4469749 78.3495764
999.999 999.999
17.445703 78.3509694
17.4457521 78.3509109
17.4460729 78.3505288
17.4461414 78.3504472
17.446381 78.3501617
17.4464421 78.350089
17.4467439 78.3497295
17.4469171 78.3495231
17.4470961 78.3493099
17.4477346 78.3485493
999.999 999.999
17.4467439 78.3497295
17.4468017 78.3497827
999.999 999.999
17.4477924 78.3486025
17.4471539 78.3493632
17.4469749 78.3495764
17.4468017 78.3497827
17.4464388 78.350215
17.4461992 78.3505005
17.4461306 78.3505821
17.4458099 78.3509642
17.4457607 78.3510227
999.999 999.999
17.4460721 78.3487709
17.4463787 78.3483667
17.4466204 78.3480512
17.4468651 78.3477305
999.999 999.999
17.446381 78.3501617
17.4464388 78.350215
999.999 999.999
17.4459739 78.3514085
17.4459151 78.3514091
17.4457018 78.3511897
999.999 999.999
17.4460729 78.3505288
17.4461306 78.3505821
999.999 999.999
17.4470961 78.3493099
17.4471539 78.3493632
999.999 999.999
17.4457597 78.3511278
17.4457018 78.3511897
17.4456282 78.3512069
17.4455627 78.3511693
17.445521 78.3510993
17.4455328 78.351007
17.4456117 78.3509572
17.445703 78.3509694
17.4457607 78.3510227
17.4457597 78.3511278
999.999 999.999
17.4461071 78.3515302
17.4459739 78.3514085
999.999 999.999
17.4545975 78.3421045
17.4544971 78.3422469
17.4540096 78.3426086
17.4538758 78.342723
17.4536395 78.3428987
17.4530789 78.3433541
17.4526458 78.3437049
17.4522803 78.3440073
17.4521317 78.3441598
17.4519765 78.3443345
17.4516604 78.3447437
17.4514928 78.3449897
17.4513886 78.3452079
17.4512342 78.3455576
17.4509697 78.3461545
17.4508889 78.3463343
17.4508002 78.3465315
17.4505904 78.3469437
17.4503237 78.3473248
17.4500883 78.3476038
17.4495059 78.3482326
17.4493856 78.3483583
17.4490296 78.3487131
17.4489232 78.3488255
17.448146 78.3496148
17.4474509 78.3503273
17.4471522 78.3506418
17.4461842 78.3516157
17.4458123 78.3519799
17.4455944 78.3522131
17.4455199 78.3522929
17.4454708 78.3523523
17.445146 78.3527449
17.4450984 78.3528025
17.4450114 78.3529046
17.4449872 78.3529348
17.4443918 78.3536774
17.4437265 78.3545464
17.443491 78.3549326
17.4425596 78.3570248
17.4424703 78.3572338
17.4418124 78.3587736
17.4416111 78.3592144
17.4413494 78.3596926
17.4412682 78.3598539
17.4406538 78.3608296
17.4404459 78.3611819
17.4402902 78.3615294
17.4399495 78.3620871
17.4391364 78.3633478
17.438711 78.3640048
17.4385739 78.3641835
17.4380754 78.3647693
999.999 999.999
17.4455944 78.3522131
17.4456083 78.3522685
17.4456447 78.3523071
17.4460554 78.352526
17.4473404 78.3531758
17.4476982 78.3533647
17.4478516 78.3534579
17.4480919 78.3536605
17.448487 78.3540753
17.448552 78.3541397
17.4485896 78.3542028
17.4486835 78.3545704
17.4487252 78.3549042
17.4487274 78.3550626
17.4486853 78.3556395
17.448691 78.3565898
17.4486899 78.3570125
17.4486803 78.3575979
17.4486793 78.3576595
17.4486782 78.3580363
17.4487034 78.3583967
17.4487185 78.359031
17.4487295 78.3595572
17.4487261 78.3598135
17.4487107 78.3599694
17.4486805 78.3601052
17.4486453 78.3602263
17.4483847 78.3611524
17.4481523 78.3619244
17.4479954 78.3624939
17.447686 78.3635776
999.999 999.999
17.4476148 78.3635553
17.4479242 78.3624719
17.4480813 78.3619019
17.4483137 78.3611297
17.4485741 78.360204
17.4486088 78.360085
17.4486374 78.3599565
17.4486519 78.359809
17.4486553 78.3595575
17.4486443 78.3590328
17.4486292 78.3584005
17.448604 78.358039
17.448605 78.3576587
17.448606 78.3575966
17.4486157 78.3570118
17.4486168 78.35659
17.448611 78.3556367
17.4486531 78.3550602
17.448651 78.3549099
17.4486107 78.3545873
17.4484996 78.3542486
17.4484716 78.3542022
17.4484238 78.3541492
17.4478077 78.3535217
17.4476611 78.3534417
17.4473069 78.3532453
17.4460224 78.3525958
17.4456143 78.3523782
17.4455405 78.3523539
17.4454708 78.3523523
999.999 999.999
17.4758685 78.3633235
17.4732596 78.3642674
17.471446 78.3649626
17.4709371 78.3651215
17.4702246 78.3654561
17.4700302 78.3655711
17.4684859 78.3664844
17.4683952 78.3665397
17.4680892 78.3667299
17.4675816 78.3670201
17.4671082 78.3672123
17.4661451 78.3674923
17.4659343 78.367504
17.4656909 78.3675176
17.4652775 78.3674777
17.464952 78.367422
17.4643535 78.3673015
17.4639447 78.3672313
17.463801 78.3672344
17.4630996 78.3672248
17.4623609 78.3671752
17.4620578 78.3671799
17.4617038 78.3671506
17.4616801 78.3671486
17.4614202 78.3670907
17.4611853 78.3669912
17.4607421 78.3667382
17.4603639 78.3665424
17.459907 78.3663762
17.4590629 78.3661863
17.458714 78.3661146
17.4583212 78.3660202
17.4581406 78.365973
17.4580067 78.3658859
17.4577801 78.3656334
17.4575434 78.365376
17.457307 78.3652253
17.4565843 78.3648374
17.4560716 78.3644935
17.45535 78.3640709
17.4552301 78.364015
17.4549822 78.3639271
17.4544935 78.3638941
17.4539875 78.3638565
17.4534816 78.3638405
17.4524796 78.3637699
17.4522677 78.3637519
17.4515319 78.3637461
17.451228 78.3637574
17.4510921 78.363766
17.4508855 78.3637801
17.4508298 78.3637856
17.4506151 78.3638244
17.4503593 78.3639142
17.4502011 78.3639703
17.4500687 78.3640012
17.4498545 78.3640073
17.4496181 78.3639791
17.4494534 78.3639466
17.4491518 78.3638922
17.4486091 78.3637478
17.448389 78.363706
17.4481989 78.3636798
17.4476435 78.363632
17.4473053 78.3636078
17.4470572 78.3635848
17.4467025 78.3635519
17.4465824 78.3635275
17.4460447 78.363418
17.4455289 78.3633101
17.4452907 78.3632602
17.4445686 78.3631191
17.4433508 78.3628824
17.443277 78.362868
17.4426837 78.3627719
17.4424061 78.3627512
17.4421895 78.3627351
17.4415798 78.3627167
17.4412834 78.3627899
17.441133 78.3628859
17.441021 78.3629575
17.4406624 78.3632381
17.4403761 78.3633812
17.4400098 78.3635439
17.4399353 78.3635769
17.4398317 78.3636228
17.4396954 78.3636832
17.4392932 78.3638613
17.4387888 78.3641371
999.999 999.999
17.4435419 78.3545663
17.4433103 78.3544114
999.999 999.999
17.4347596 78.3681649
17.4349738 78.3679246
17.4352373 78.3676295
17.4359078 78.3670153
17.4362328 78.3667122
17.4364631 78.366444
17.4371178 78.3656319
17.4385087 78.363948
17.4401463 78.3614552
17.4403339 78.3610816
999.999 999.999
17.4404459 78.3611819
17.4402174 78.3614873
17.4385811 78.3639749
17.4371837 78.3656966
17.4365347 78.3664869
17.4362968 78.3667551
17.4357746 78.3672571
17.4352143 78.367777
17.435007 78.3679997
17.4348337 78.3682454
999.999 999.999
17.3996771 78.4146996
17.3996732 78.4146386
17.4017945 78.4121632
17.4027566 78.4103154
17.4034034 78.4090261
17.404206 78.4072636
17.4046047 78.4064568
17.4060974 78.4034243
17.4063446 78.4031383
17.4066177 78.4029348
17.4069008 78.4026378
17.4074221 78.4016041
17.4079952 78.400759
17.4096234 78.3987033
17.4115048 78.396362
17.4126232 78.3950652
17.4130938 78.3946996
17.41393 78.3942871
17.4142215 78.393959
17.4152308 78.3926396
17.4163321 78.3916778
17.4170781 78.3903058
17.418445 78.3880217
17.4199434 78.3860328
17.4217957 78.3835239
17.4222523 78.382797
17.422499 78.3823177
17.4226216 78.3820677
17.4230257 78.381439
17.423604 78.3806783
17.4243406 78.3797763
17.4251298 78.3789386
17.4259285 78.3777807
17.4273905 78.3756698
17.4284251 78.3749092
17.4286112 78.3747557
17.4288722 78.3745908
17.4290539 78.3744571
17.4296718 78.3739157
17.4301014 78.3734525
17.4314035 78.3718091
17.4323952 78.3705087
17.4330895 78.3698275
17.4333917 78.3695233
17.4336146 78.3693279
17.434224 78.3688259
17.4344209 78.3686219
17.4346205 78.3683509
17.4347596 78.3681649
17.4350641 78.3676853
17.4358599 78.3669548
17.4361027 78.3667123
17.4362057 78.3666053
17.4364403 78.366336
17.4367635 78.3659341
17.4370438 78.3656057
17.4373755 78.3651866
17.4378901 78.3645929
17.4383352 78.3639274
999.999 999.999
17.4380754 78.3647693
17.4375769 78.3653706
17.4372615 78.3657441
17.4371193 78.365899
17.4367067 78.3663848
17.4363867 78.366755
17.4360434 78.3670846
17.4352652 78.3678083
17.4348337 78.3682454
17.4344694 78.3687445
17.4342287 78.3689936
17.4337115 78.3694018
17.4335235 78.3695658
17.4332526 78.3698092
17.4324723 78.3705837
17.4314694 78.3719021
17.430203 78.3734775
17.4297849 78.3739412
17.4291728 78.3744563
17.4290635 78.3745802
17.4289227 78.3746789
17.4286528 78.3748723
17.4274967 78.3757415
17.4260439 78.3778422
17.4252421 78.3789596
17.4244491 78.3797878
17.4237258 78.3806671
17.4231662 78.3814449
17.422705 78.3821015
17.4226469 78.3822278
17.4223544 78.3827171
17.422263 78.3829064
17.4219081 78.3835203
17.4212967 78.3843718
17.4200439 78.3859986
17.4192357 78.3870428
17.4185387 78.3879928
17.4181667 78.388665
17.4171662 78.3902515
17.4166446 78.3912329
17.416384 78.3917059
17.415146 78.3927996
17.414748 78.3933524
17.4143415 78.3939243
17.4139907 78.3943472
17.4136461 78.39448
17.413127 78.3947434
17.4126908 78.3951362
17.4116116 78.3963238
17.4097044 78.3987169
17.4088834 78.3997432
17.4080239 78.4008321
17.4074766 78.4016747
17.4069976 78.4026561
17.4068484 78.4028975
17.4067113 78.403015
17.4065763 78.4031085
17.4065485 78.4031278
17.4063818 78.4032432
17.4061338 78.4035255
17.405796 78.4041484
17.40465 78.4065005
17.4045703 78.406664
17.4043933 78.4070271
17.4042642 78.4072988
17.4036673 78.4085815
17.4034463 78.40907
17.4030159 78.409984
17.4028415 78.4103535
17.4023622 78.4112873
17.4018319 78.4122419
17.4012161 78.4129544
17.4005448 78.4137271
17.3996771 78.4146996
17.3993837 78.4151469
17.3989115 78.415536
999.999 999.999
17.4383352 78.3639274
17.4385616 78.3636515
17.4386603 78.3635122
17.4388016 78.3633163
17.4390427 78.3629822
17.4393741 78.362526
17.4396268 78.3621097
17.44017 78.3612589
17.4403339 78.3610816
17.4405764 78.3607499
17.4411222 78.3598693
17.4414895 78.359217
17.4415658 78.3590752
17.4418401 78.3584218
17.4420122 78.3580204
17.4420712 78.3578828
17.4423471 78.3572548
17.4425298 78.356839
17.4432352 78.3551901
17.443371 78.3548623
17.4435013 78.3546215
17.4435419 78.3545663
17.4437776 78.354246
17.4443918 78.3534521
17.4448796 78.3528627
17.4449171 78.3528174
17.4450016 78.3527211
17.4450574 78.3526575
17.4454404 78.3522213
17.4457357 78.3518939
17.4461071 78.3515302
17.4470736 78.3505578
17.4473719 78.3502437
17.4480677 78.3495305
17.4488472 78.348738
17.4489479 78.3486303
17.4492985 78.3482724
17.4494225 78.3481418
17.4500059 78.3475238
17.4502362 78.3472509
17.4504824 78.3468743
17.4506807 78.3464614
17.450771 78.3462752
17.4508577 78.3460964
17.4511326 78.3455078
17.4512868 78.3451585
17.451427 78.344945
17.4515981 78.344694
17.4519174 78.3442807
17.4520756 78.3441025
17.4522285 78.3439456
17.4525976 78.3436402
17.453031 78.3432892
17.4535928 78.3428327
17.4538283 78.3426576
17.4539621 78.3425432
17.4544519 78.3421799
17.4545975 78.3421045
999.999 999.999
17.4420122 78.3580204
17.4418054 78.3579365
999.999 999.999
17.4424996 78.3540791
17.4425968 78.3540255
17.4427068 78.3540228
17.4429597 78.3541769
17.4433103 78.3544114
999.999 999.999
17.4412986 78.3591165
17.4416354 78.3583324
17.4418054 78.3579365
17.4421391 78.3571597
17.4423102 78.3567613
17.4433103 78.3544114
999.999 999.999
17.4425298 78.356839
17.4423102 78.3567613
999.999 999.999
17.4401145 78.3585896
17.4404772 78.3587853
17.4407239 78.358848
17.4412986 78.3591165
999.999 999.999
17.4423471 78.3572548
17.4421391 78.3571597
999.999 999.999
17.4414895 78.359217
17.4412986 78.3591165
999.999 999.999
17.4424996 78.3540791
17.4419668 78.3550674
17.4411838 78.3565185
17.4401145 78.3585896
17.4400732 78.3586696
17.4399535 78.3590707
17.4398332 78.359752
17.4397818 78.3598843
999.999 999.999
17.4418401 78.3584218
17.4416354 78.3583324
999.999 999.999
17.4412518 78.3899565
17.4413282 78.3886166
17.4414677 78.3882726
17.4414817 78.3882382
17.4420267 78.3878937
17.4431793 78.3874373
17.4435036 78.3873088
17.4438847 78.3871091
17.444014 78.3869978
17.4444177 78.3866606
17.4447515 78.3863594
17.4450646 78.386077
17.4453113 78.3858709
17.4453552 78.3858341
17.4459905 78.3853039
17.4461454 78.3851697
17.4468402 78.3845689
17.4474022 78.3842657
17.4481455 78.3837897
17.4482338 78.3837234
17.4489822 78.3830963
17.4497226 78.3824952
17.450218 78.3821744
17.4506444 78.3818815
17.4513228 78.381262
17.4513447 78.3812226
999.999 999.999
17.453068 78.3797993
17.4529722 78.3798811
17.4511314 78.3815446
999.999 999.999
17.4516497 78.3811233
17.4518469 78.3812802
17.4520703 78.3814755
17.4522828 78.3816614
17.4528944 78.3822287
17.4530984 78.3824463
17.4533881 78.3826981
17.4536514 78.3828804
17.4539308 78.383049
17.4544688 78.3832837
17.4552457 78.3835582
17.4556133 78.3836192
17.4557559 78.3836396
17.4565976 78.3839216
17.4578602 78.3842572
17.4615453 78.3849837
17.462922 78.385156
17.4631197 78.3852286
17.4633555 78.3852521
17.4643455 78.3853644
17.4648939 78.3854468
17.4654584 78.3855729
17.4662478 78.385771
17.4663615 78.3857609
17.4665012 78.3856991
17.4667437 78.3855644
999.999 999.999
